
1111111111111111111111111111111111111111111111111111111111111111111111111111111111111111111111111111111111111111111111111111111111111111111111111111111111111111111
1111111111111111111111111111111111111111111111111111111111111111111111111111111111111111111111111111111111111111111111111111111111111111111111111111111111111111111
1188888888111111111111111888888881111111111111111111111111111111111118888888888888881888888811111111111111111111111111111111111111111111111111111111111111111111111
1188888888811111111111118888888881111111111111111111111111111111111888888888888888888888888811111111111111111111111111111111111111111111111111111111111111111111111
1188888888881111111111188888888881111111111111111111111111111111118888888888888888888888888811111111111111111111111111111111111111111111111111111111111111111111111
1188888888888111111111888888888881111111111111111111111111111111118888888111118888888888888811111111111111111111111111111111111111111111111111111111111111111111111
1188888888888811111118888888888888888811188888888811111111111111118888888111111111111188888818888811111111188888888888888888888111111111118888811111111111888888811
1188888888888881111188888888888888888888888888888881111111111111118888888111111111111188888888888888811111188888888888888888888811111111188888881111111118888888111
1188888888888888111888888888888888888888888888888888111111111111111888888888111111111188888888888888888111188888888888888888888881111111888888888111111188888881111
1188888888188888818888881888888888888888888888888888811111111111111188888888888881111188888888888888888811111111111188888818888888111118888888888811111888888811111
1188888888118888888888811888888881888888811111888888811111111111111111888888888888811188888888111888888881111888888888888811888888811188888888888881118888888111111
1188888888111888888888111888888881888888811111888888811111111111111111111888888888881188888881111188888881188888888888888811188888881888888818888888188888881111111
1188888888111188888881111888888881888888811111111111111111111111111111111111118888888188888881111188888881888888888888888811118888888888888111888888888888811111111
1188888888111118888811111888888881888888811111111111111111111111111111111111118888888188888881111188888888888881111888888811111888888888881111188888888888111111111
1188888888111111111111111888888881888888811111111111111111111111118888888111118888888188888881111188888888888881111888888811111188888888811111118888888881111111111
1188888888111111111111111888888881888888811111111111118888881111118888888888888888888188888881111188888888888888888888888811111118888888111111111888888811111111111
1188888888111111111111111888888881888888811111111111118888881111118888888888888888881188888881111188888881888888888888888881111111888881111111111188888111111111111
1188888888111111111111111888888881888888811111111111118888881111111888888888888888111188888881111188888881188888888881188881111111188811111111111118881111111111111
1111111111111111111111111111111111111111111111111111111111111111111111111111111111111111111111111111111111111111111111111111111111111111111111111111111111111111111
1111111111111111111111111111111111111111111111111111111111111111111111111111111111111111111111111111111111111111111111111111111111111111111111111111111111111111111
